4 0.133 0.2727272727272727 0.154 0.2606060606060606
4 0.757 0.2287878787878788 0.13 0.23333333333333334
4 0.614 0.2878787878787879 0.076 0.15757575757575756
4 0.375 0.3515151515151515 0.098 0.18787878787878787
4 0.493 0.31666666666666665 0.066 0.11818181818181818
4 0.251 0.3575757575757576 0.042 0.07272727272727272
4 0.301 0.3409090909090909 0.042 0.08181818181818182
4 0.586 0.03333333333333333 0.032 0.048484848484848485
4 0.639 0.03939393939393939 0.03 0.06060606060606061
4 0.694 0.04696969696969697 0.024 0.05757575757575758
4 0.276 0.17575757575757575 0.028 0.048484848484848485
4 0.316 0.03939393939393939 0.024 0.05454545454545454
4 0.345 0.04090909090909091 0.022 0.03939393939393939
4 0.398 0.024242424242424242 0.024 0.04242424242424243
4 0.38 0.03939393939393939 0.02 0.048484848484848485
4 0.366 0.05303030303030303 0.02 0.045454545454545456